101
1 10000
10000 1009901
1009901 2009802
2009802 3009703
3009703 4009604
4009604 5009505
5009505 6009406
6009406 7009307
7009307 8009208
8009208 9009109
9009109 10009010
10009010 11008911
11008911 12008812
12008812 13008713
13008713 14008614
14008614 15008515
15008515 16008416
16008416 17008317
17008317 18008218
18008218 19008119
19008119 20008020
20008020 21007921
21007921 22007822
22007822 23007723
23007723 24007624
24007624 25007525
25007525 26007426
26007426 27007327
27007327 28007228
28007228 29007129
29007129 30007030
30007030 31006931
31006931 32006832
32006832 33006733
33006733 34006634
34006634 35006535
35006535 36006436
36006436 37006337
37006337 38006238
38006238 39006139
39006139 40006040
40006040 41005941
41005941 42005842
42005842 43005743
43005743 44005644
44005644 45005545
45005545 46005446
46005446 47005347
47005347 48005248
48005248 49005149
49005149 50005050
50005050 51004951
51004951 52004852
52004852 53004753
53004753 54004654
54004654 55004555
55004555 56004456
56004456 57004357
57004357 58004258
58004258 59004159
59004159 60004060
60004060 61003961
61003961 62003862
62003862 63003763
63003763 64003664
64003664 65003565
65003565 66003466
66003466 67003367
67003367 68003268
68003268 69003169
69003169 70003070
70003070 71002971
71002971 72002872
72002872 73002773
73002773 74002674
74002674 75002575
75002575 76002476
76002476 77002377
77002377 78002278
78002278 79002179
79002179 80002080
80002080 81001981
81001981 82001882
82001882 83001783
83001783 84001684
84001684 85001585
85001585 86001486
86001486 87001387
87001387 88001288
88001288 89001189
89001189 90001090
90001090 91000991
91000991 92000892
92000892 93000793
93000793 94000694
94000694 95000595
95000595 96000496
96000496 97000397
97000397 98000298
98000298 99000199
99000199 100000100
